            * AXE *                      ||
        6             6                  ||
       66             66                 ||
     6666             6666               ||
    66666             66666              ||
   666666     666     666666             ||
  6666666     666     6666666            ||
  666666666666666666666666666            ||
  666666666666666666666666666            ||
  6666666     666     6666666            ||
   666666     666     666666             ||
    66666     666     66666              ||
     6666     666     6666               ||
       66     666     66                 ||
        6     666     6                  ||
              666                        ||
              666                        ||
              666                        ||
              666                        ||
              666                        ||
              666                        ||
              666                        ||
              666                        ||
             66666                       ||
             66666                       ||
             66666                       ||
                                         ||
    Damage     : ⬛⬛⬛⬛⬛ 240            ||
    Atk. speed : ⬛⬛⬜⬜⬜ 40             ||
    Ranged:           ✔                      || 